Energy convergence between individual sweeps: 
============================================= 
Sweep:  1, Eivals:        7.8718062880, Diffs:        7.8718062880
Sweep:  2, Eivals:        7.8718062880, Diffs:        0.0000000000
Sweep:  3, Eivals:        7.8718062880, Diffs:        0.0000000000
